0.01,0.011013425880469717,0.009705606350979957,0.001789777098163468,0.011389171147994181,6.594314846097869e-06
0.1,0.10167861610318756,0.08139147513669362,0.009421104444446375,0.1021903515691229,5.145488253967353e-05
0.2,0.20005153848035212,0.1627829502733872,0.019346501584215917,0.20002313938242847,0.00014427725673343513
0.30000000000000004,0.3009117065014694,0.29683949755735317,0.035667246996492846,0.29906359488607226,0.00015077591461616004
0.4,0.4022532311685163,0.44047151250445954,0.03520879909165361,0.4007176355667445,0.0001918058815533928
0.5,0.5036333919728285,0.5697403259568553,0.060950648948376915,0.49997150046472855,0.0001440797690247867
0.6000000000000001,0.604724667897588,0.6463440672619787,0.0668187821303192,0.6012914617355642,0.00018737406822381448
0.7000000000000001,0.702060794848137,0.7229478085671021,0.10496164781294393,0.698700285557461,0.00020267567065376346
0.8,0.7987234478463544,0.8234902190300766,0.10764356805625348,0.7998169348273085,0.0001466613113921417
0.9,0.8993656229829012,0.9144571618299107,0.11871508495812115,0.9001384354093551,8.23079718516726e-05
0.99,0.9900052920874254,1.0293627737875954,0.12550011394974186,0.9899638410099328,6.584148182531644e-06
